Feel free to place comments here.


!!!!!!!!!!!!!!!!!!!!!!!!!!!!!!!!!!!!!!!!!!!!!!!!!!!!!!!!!!!!!!!!!!!!!!!!!
!!! Warning:  This is a KLT data file.  Do not modify below this line !!!

------------------------------
KLT Feature Table
------------------------------

nFrames = 10, nFeatures = 150

feature |          frame
        |               0               1               2               3               4               5               6               7               8               9
--------+-----------------------------------------------------------------------------------------------------------------------------------------------------------------
      0 | (247, 75)=80215 (245, 75)=    0 (245, 75)=    0 (241, 75)=    0 (239, 75)=    0 (237, 75)=    0 (234, 75)=    0 (232, 75)=    0 (230, 75)=    0 (228, 75)=    0 
      1 | ( 94,132)=78604 ( 91,132)=    0 ( 91,132)=    0 ( 85,132)=    0 ( 82,132)=    0 ( 79,132)=    0 ( 76,131)=    0 ( 73,131)=    0 ( 71,131)=    0 ( 68,131)=    0 
      2 | ( 94,122)=74360 ( 91,122)=    0 ( 91,122)=    0 ( 85,122)=    0 ( 82,122)=    0 ( 79,122)=    0 ( 76,122)=    0 ( 73,121)=    0 ( 71,121)=    0 ( 68,121)=    0 
      3 | (106,127)=72622 (103,127)=    0 (103,127)=    0 ( 97,127)=    0 ( 94,127)=    0 ( 91,127)=    0 ( 89,127)=    0 ( 86,127)=    0 ( 83,127)=    0 ( 80,127)=    0 
      4 | (246, 85)=61637 (244, 85)=    0 (244, 85)=    0 (240, 85)=    0 (238, 85)=    0 (236, 85)=    0 (233, 84)=    0 (231, 84)=    0 (229, 84)=    0 (227, 84)=    0 
      5 | (295, 98)=56093 (291, 98)=    0 (291, 98)=    0 (283, 98)=    0 (279, 98)=    0 (274, 98)=    0 (270, 98)=    0 (266, 98)=    0 (262, 98)=    0 (258, 98)=    0 
      6 | ( 96,215)=55524 ( 92,215)=    0 ( 92,215)=    0 ( 83,215)=    0 ( 79,215)=    0 ( 75,215)=    0 ( 70,215)=    0 ( 66,215)=    0 ( 62,215)=    0 ( 58,215)=    0 
      7 | (295, 87)=53710 (291, 87)=    0 (291, 87)=    0 (283, 86)=    0 (279, 86)=    0 (274, 86)=    0 (270, 86)=    0 (266, 87)=    0 (262, 87)=    0 (258, 87)=    0 
      8 | (285, 79)=48522 ( -1, -1)=   -5 ( -1, -1)=   -5 ( -1, -1)=   -5 ( -1, -1)=   -5 ( -1, -1)=   -5 ( -1, -1)=   -5 ( -1, -1)=   -5 ( -1, -1)=   -5 ( -1, -1)=   -5 
      9 | (115,116)=48050 (112,116)=    0 (112,116)=    0 (106,116)=    0 (103,116)=    0 (100,116)=    0 ( 98,116)=    0 ( 95,116)=    0 ( 92,116)=    0 ( 89,116)=    0 
     10 | (295,108)=46381 (291,108)=    0 (291,108)=    0 (283,108)=    0 (279,108)=    0 (274,108)=    0 (270,108)=    0 (266,108)=    0 (262,108)=    0 (258,108)=    0 
     11 | (115,137)=45009 (112,137)=    0 (112,137)=    0 (106,137)=    0 (104,137)=    0 (101,137)=    0 ( 98,137)=    0 ( 95,137)=    0 ( 92,137)=    0 ( 90,138)=    0 
     12 | ( 26,139)=42990 ( -1, -1)=   -4 ( -1, -1)=   -4 ( -1, -1)=   -4 ( -1, -1)=   -4 ( -1, -1)=   -4 ( -1, -1)=   -4 ( -1, -1)=   -4 ( -1, -1)=   -4 ( -1, -1)=   -4 
     13 | ( 33,169)=42589 ( 29,169)=    0 ( 29,169)=    0 ( -1, -1)=   -4 ( -1, -1)=   -4 ( -1, -1)=   -4 ( -1, -1)=   -4 ( -1, -1)=   -4 ( -1, -1)=   -4 ( -1, -1)=   -4 
     14 | ( 90, 76)=41511 ( 85, 76)=    0 ( 85, 76)=    0 ( 76, 76)=    0 ( 72, 76)=    0 ( 67, 77)=    0 ( 63, 77)=    0 ( 58, 77)=    0 ( 54, 77)=    0 ( 50, 77)=    0 
     15 | ( 27,149)=40650 ( -1, -1)=   -4 ( -1, -1)=   -4 ( -1, -1)=   -4 ( -1, -1)=   -4 ( -1, -1)=   -4 ( -1, -1)=   -4 ( -1, -1)=   -4 ( -1, -1)=   -4 ( -1, -1)=   -4 
     16 | (145, 62)=40299 (143, 62)=    0 (143, 62)=    0 (139, 62)=    0 (136, 62)=    0 (134, 62)=    0 (132, 62)=    0 (130, 62)=    0 (128, 62)=    0 (126, 62)=    0 
     17 | ( 32,159)=39102 ( 28,159)=    0 ( 28,159)=    0 ( -1, -1)=   -4 ( -1, -1)=   -4 ( -1, -1)=   -4 ( -1, -1)=   -4 ( -1, -1)=   -4 ( -1, -1)=   -4 ( -1, -1)=   -4 
     18 | ( 94,205)=38661 ( 90,205)=    0 ( 90,205)=    0 ( 81,205)=    0 ( 76,205)=    0 ( 72,205)=    0 ( 68,205)=    0 ( 63,206)=    0 ( 59,206)=    0 ( 55,206)=    0 
     19 | ( 34,189)=38380 ( 30,189)=    0 ( 30,189)=    0 ( -1, -1)=   -4 ( -1, -1)=   -4 ( -1, -1)=   -4 ( -1, -1)=   -4 ( -1, -1)=   -4 ( -1, -1)=   -4 ( -1, -1)=   -4 
     20 | ( 33,179)=37963 ( 29,179)=    0 ( 29,179)=    0 ( -1, -1)=   -4 ( -1, -1)=   -4 ( -1, -1)=   -4 ( -1, -1)=   -4 ( -1, -1)=   -4 ( -1, -1)=   -4 ( -1, -1)=   -4 
     21 | (128,203)=37834 ( -1, -1)=   -5 ( -1, -1)=   -5 ( -1, -1)=   -5 ( -1, -1)=   -5 ( -1, -1)=   -5 ( -1, -1)=   -5 ( -1, -1)=   -5 ( -1, -1)=   -5 ( -1, -1)=   -5 
     22 | (272, 99)=36078 (270, 99)=    0 (270, 99)=    0 (266, 99)=    0 (263, 99)=    0 (261,100)=    0 (259,100)=    0 ( -1, -1)=   -5 ( -1, -1)=   -5 ( -1, -1)=   -5 
     23 | (259,156)=35933 (256,156)=    0 (256,156)=    0 (250,156)=    0 (247,156)=    0 (244,156)=    0 (240,156)=    0 (237,156)=    0 (234,156)=    0 (231,156)=    0 
     24 | (287,163)=35488 (283,163)=    0 (283,163)=    0 (275,162)=    0 (271,162)=    0 (268,162)=    0 (264,162)=    0 (260,162)=    0 (256,162)=    0 (252,161)=    0 
     25 | (273, 80)=34699 (271, 80)=    0 (271, 80)=    0 (267, 80)=    0 (265, 80)=    0 (262, 80)=    0 ( -1, -1)=   -5 ( -1, -1)=   -5 ( -1, -1)=   -5 ( -1, -1)=   -5 
     26 | (286,182)=32861 (282,182)=    0 (282,182)=    0 (275,182)=    0 (271,181)=    0 (267,181)=    0 (263,181)=    0 (260,181)=    0 (256,181)=    0 (252,181)=    0 
     27 | (285,193)=32627 (281,193)=    0 (281,193)=    0 (274,193)=    0 (270,193)=    0 (266,193)=    0 (262,192)=    0 (259,192)=    0 (255,192)=    0 (251,192)=    0 
     28 | (282,151)=32582 (278,151)=    0 (278,151)=    0 (271,151)=    0 (267,151)=    0 (263,150)=    0 (259,150)=    0 (255,150)=    0 (251,150)=    0 (248,150)=    0 
     29 | (256,168)=31806 (253,168)=    0 (253,168)=    0 (246,168)=    0 (243,168)=    0 (240,168)=    0 (236,168)=    0 (233,168)=    0 (230,169)=    0 (227,169)=    0 
     30 | (263, 88)=31282 (261, 88)=    0 (261, 88)=    0 (257, 88)=    0 (255, 88)=    0 (253, 88)=    0 (251, 88)=    0 (248, 88)=    0 (246, 88)=    0 (244, 88)=    0 
     31 | (260, 74)=30631 (258, 74)=    0 (258, 74)=    0 (254, 74)=    0 (252, 74)=    0 (250, 74)=    0 (248, 74)=    0 (245, 74)=    0 (243, 74)=    0 (241, 74)=    0 
     32 | (105,117)=30137 (102,117)=    0 (102,117)=    0 ( 96,117)=    0 ( 93,117)=    0 ( 90,117)=    0 ( 87,117)=    0 ( 85,117)=    0 ( 82,117)=    0 ( 79,117)=    0 
     33 | ( 91, 86)=29976 ( 86, 86)=    0 ( 86, 86)=    0 ( 77, 86)=    0 ( 73, 86)=    0 ( 68, 87)=    0 ( 64, 87)=    0 ( 59, 87)=    0 ( 55, 87)=    0 ( 51, 87)=    0 
     34 | (262,100)=29531 (260,100)=    0 (260,100)=    0 (256,100)=    0 (254,100)=    0 (252,100)=    0 (250,100)=    0 (248,100)=    0 (245,100)=    0 (243,101)=    0 
     35 | ( 82, 24)=28727 ( -1, -1)=   -4 ( -1, -1)=   -4 ( -1, -1)=   -4 ( -1, -1)=   -4 ( -1, -1)=   -4 ( -1, -1)=   -4 ( -1, -1)=   -4 ( -1, -1)=   -4 ( -1, -1)=   -4 
     36 | ( 30,199)=28427 ( 26,199)=    0 ( 26,199)=    0 ( -1, -1)=   -4 ( -1, -1)=   -4 ( -1, -1)=   -4 ( -1, -1)=   -4 ( -1, -1)=   -4 ( -1, -1)=   -4 ( -1, -1)=   -4 
     37 | ( 31,215)=28085 ( 27,215)=    0 ( 27,215)=    0 ( -1, -1)=   -4 ( -1, -1)=   -4 ( -1, -1)=   -4 ( -1, -1)=   -4 ( -1, -1)=   -4 ( -1, -1)=   -4 ( -1, -1)=   -4 
     38 | (105,137)=27738 (102,137)=    0 (102,137)=    0 ( 96,137)=    0 ( 93,137)=    0 ( 90,137)=    0 ( 87,137)=    0 ( 85,137)=    0 ( 82,137)=    0 ( 79,137)=    0 
     39 | (137,145)=27727 (134,145)=    0 (134,145)=    0 (129,146)=    0 (126,146)=    0 (123,146)=    0 (121,146)=    0 (118,146)=    0 (115,147)=    0 (113,147)=    0 
     40 | (157, 62)=27259 (155, 62)=    0 (155, 62)=    0 (151, 62)=    0 (148, 62)=    0 (146, 62)=    0 (144, 62)=    0 (142, 62)=    0 (140, 62)=    0 (138, 62)=    0 
     41 | (285, 89)=26789 ( -1, -1)=   -5 ( -1, -1)=   -5 ( -1, -1)=   -5 ( -1, -1)=   -5 ( -1, -1)=   -5 ( -1, -1)=   -5 ( -1, -1)=   -5 ( -1, -1)=   -5 ( -1, -1)=   -5 
     42 | (136,125)=26323 (133,125)=    0 (133,125)=    0 (128,125)=    0 (125,125)=    0 (122,126)=    0 (120,126)=    0 (117,126)=    0 (114,126)=    0 (111,126)=    0 
     43 | (259,146)=25959 (255,146)=    0 (255,146)=    0 (249,146)=    0 (246,146)=    0 (243,146)=    0 (240,146)=    0 (237,146)=    0 (234,146)=    0 (231,146)=    0 
     44 | ( 95,195)=24704 ( 91,195)=    0 ( 91,195)=    0 ( 82,195)=    0 ( 77,195)=    0 ( 73,195)=    0 ( 69,195)=    0 ( 64,195)=    0 ( 60,196)=    0 ( 56,196)=    0 
     45 | (219,197)=23162 (214,197)=    0 (214,197)=    0 (203,197)=    0 (198,197)=    0 (192,198)=    0 (187,198)=    0 (182,198)=    0 (176,198)=    0 (171,198)=    0 
     46 | (257,178)=23162 (254,178)=    0 (254,178)=    0 (247,178)=    0 (244,178)=    0 (240,178)=    0 (237,178)=    0 (234,178)=    0 (230,178)=    0 (227,178)=    0 
     47 | (220,212)=23069 (214,212)=    0 (214,212)=    0 (202,212)=    0 (196,212)=    0 (190,212)=    0 (184,212)=    0 (179,212)=    0 (173,212)=    0 (167,212)=    0 
     48 | (171,190)=22195 (166,190)=    0 (166,190)=    0 (157,190)=    0 (152,190)=    0 (148,190)=    0 (143,190)=    0 (138,190)=    0 (134,190)=    0 (129,189)=    0 
     49 | (208,189)=21353 (203,189)=    0 (203,189)=    0 (193,189)=    0 (188,189)=    0 (183,189)=    0 (178,190)=    0 (173,190)=    0 (168,190)=    0 (163,190)=    0 
     50 | (244, 96)=21265 (240, 96)=    0 (240, 96)=    0 (233, 96)=    0 (229, 96)=    0 (226, 96)=    0 (222, 96)=    0 (219, 96)=    0 (215, 96)=    0 (211, 96)=    0 
     51 | (142,169)=21096 (138,169)=    0 (138,169)=    0 (131,169)=    0 (128,169)=    0 (124,169)=    0 (120,169)=    0 (117,170)=    0 (113,170)=    0 (110,170)=    0 
     52 | (150,123)=20358 (148,123)=    0 (148,123)=    0 (143,123)=    0 (141,123)=    0 (139,124)=    0 (137,124)=    0 (135,124)=    0 (133,124)=    0 (131,124)=    0 
     53 | (148,150)=19983 (144,150)=    0 (144,150)=    0 (137,151)=    0 (133,151)=    0 (130,151)=    0 (126,151)=    0 (122,151)=    0 (119,151)=    0 (115,152)=    0 
     54 | (277,208)=19110 (272,208)=    0 (272,208)=    0 (262,208)=    0 (257,208)=    0 (252,207)=    0 (247,207)=    0 (242,207)=    0 (237,207)=    0 (232,207)=    0 
     55 | ( 94,149)=18880 ( -1, -1)=   -5 ( -1, -1)=   -5 ( -1, -1)=   -5 ( -1, -1)=   -5 ( -1, -1)=   -5 ( -1, -1)=   -5 ( -1, -1)=   -5 ( -1, -1)=   -5 ( -1, -1)=   -5 
     56 | (289,209)=18830 (284,209)=    0 (284,209)=    0 (274,209)=    0 (269,209)=    0 (264,209)=    0 (259,209)=    0 (254,208)=    0 (249,208)=    0 (244,208)=    0 
     57 | (137,135)=18385 (134,135)=    0 (134,135)=    0 (129,135)=    0 (126,136)=    0 (123,136)=    0 (121,136)=    0 (118,136)=    0 (115,136)=    0 (113,137)=    0 
     58 | ( 80,176)=18175 ( 75,176)=    0 ( 75,176)=    0 ( 66,176)=    0 ( 62,177)=    0 ( 57,177)=    0 ( 52,177)=    0 ( 48,177)=    0 ( 44,177)=    0 ( 39,177)=    0 
     59 | (139,179)=18151 (135,179)=    0 (135,179)=    0 (128,179)=    0 (124,179)=    0 (120,179)=    0 (117,179)=    0 (113,179)=    0 (110,179)=    0 (106,179)=    0 
     60 | (287,118)=18049 (283,118)=    0 (283,118)=    0 (275,118)=    0 (272,118)=    0 (268,118)=    0 (264,118)=    0 (260,118)=    0 (256,118)=    0 (252,118)=    0 
     61 | (274, 70)=17393 (272, 70)=    0 (272, 70)=    0 (268, 70)=    0 (266, 70)=    0 (263, 70)=    0 (261, 70)=    0 ( -1, -1)=   -5 ( -1, -1)=   -5 ( -1, -1)=   -5 
     62 | ( 94,185)=17129 ( 89,185)=    0 ( 89,185)=    0 ( 81,185)=    0 ( 76,185)=    0 ( 72,185)=    0 ( 68,186)=    0 ( 63,186)=    0 ( 59,186)=    0 ( 55,186)=    0 
     63 | (114, 61)=16560 (112, 61)=    0 (112, 61)=    0 (107, 61)=    0 (105, 61)=    0 (102, 61)=    0 (100, 61)=    0 ( 98, 61)=    0 ( 96, 61)=    0 ( 93, 61)=    0 
     64 | (146, 96)=16201 (144, 96)=    0 (144, 96)=    0 (140, 96)=    0 (137, 96)=    0 (135, 96)=    0 (133, 96)=    0 (131, 96)=    0 (129, 96)=    0 (127, 96)=    0 
     65 | ( 94,168)=16102 ( 89,168)=    0 ( 89,168)=    0 ( 81,168)=    0 ( 76,168)=    0 ( 72,168)=    0 ( 67,168)=    0 ( 63,168)=    0 ( 59,168)=    0 ( 55,168)=    0 
     66 | (136,155)=15589 (133,155)=    0 (133,155)=    0 (127,156)=    0 (124,156)=    0 (121,156)=    0 (119,156)=    0 (115,156)=    0 (112,157)=    0 (109,157)=    0 
     67 | (167, 64)=14186 (165, 64)=    0 (165, 64)=    0 (161, 64)=    0 (159, 64)=    0 (156, 64)=    0 (154, 64)=    0 (152, 64)=    0 (150, 64)=    0 (148, 64)=    0 
     68 | (208, 40)=13981 (207, 40)=    0 (207, 40)=    0 (205, 40)=    0 (204, 40)=    0 (203, 40)=    0 (202, 40)=    0 (201, 40)=    0 (200, 40)=    0 (199, 41)=    0 
     69 | (254,110)=13850 (252,110)=    0 (252,110)=    0 (248,110)=    0 (246,110)=    0 (244,110)=    0 (242,110)=    0 (240,110)=    0 (238,110)=    0 (235,110)=    0 
     70 | (151,140)=13806 (147,140)=    0 (147,140)=    0 (140,140)=    0 (136,141)=    0 (132,141)=    0 (129,141)=    0 (125,141)=    0 (122,141)=    0 (118,142)=    0 
     71 | (161,111)=13566 (159,111)=    0 (159,111)=    0 (154,111)=    0 (152,111)=    0 (150,111)=    0 (148,112)=    0 (146,112)=    0 (144,112)=    0 (142,112)=    0 
     72 | (208, 51)=13119 (207, 51)=    0 (207, 51)=    0 (205, 51)=    0 (204, 51)=    0 (203, 51)=    0 (202, 51)=    0 (201, 52)=    0 (200, 52)=    0 (199, 52)=    0 
     73 | (183,113)=12797 (181,113)=    0 (181,113)=    0 (176,113)=    0 (174,113)=    0 (171,113)=    0 (168,113)=    0 (164,112)=    0 (161,112)=    0 (157,112)=    0 
     74 | (208, 62)=12590 (207, 62)=    0 (207, 62)=    0 (205, 62)=    0 (204, 62)=    0 (203, 62)=    0 (202, 62)=    0 (201, 62)=    0 (200, 63)=    0 (199, 63)=    0 
     75 | (237, 73)=12291 ( -1, -1)=   -5 ( -1, -1)=   -5 ( -1, -1)=   -5 ( -1, -1)=   -5 ( -1, -1)=   -5 ( -1, -1)=   -5 ( -1, -1)=   -5 ( -1, -1)=   -5 ( -1, -1)=   -5 
     76 | (114,212)=12286 (110,212)=    0 (110,212)=    0 (103,212)=    0 ( 99,212)=    0 ( 95,212)=    0 ( 91,212)=    0 ( 88,212)=    0 ( 84,212)=    0 ( 80,212)=    0 
     77 | (261,207)=12072 (256,207)=    0 (256,207)=    0 (246,207)=    0 (241,207)=    0 (236,207)=    0 (231,207)=    0 (225,207)=    0 (220,207)=    0 (215,207)=    0 
     78 | (195, 48)=11772 (194, 48)=    0 (194, 48)=    0 (192, 48)=    0 (191, 48)=    0 (190, 48)=    0 (189, 48)=    0 (188, 48)=    0 (187, 48)=    0 (186, 48)=    0 
     79 | ( 60,141)=11670 ( 55,141)=    0 ( 55,141)=    0 ( 45,141)=    0 ( 41,141)=    0 ( 36,141)=    0 ( 31,141)=    0 ( 27,141)=    0 ( -1, -1)=   -4 ( -1, -1)=   -4 
     80 | (104,148)=11558 (101,148)=    0 (101,148)=    0 ( 95,148)=    0 ( 92,148)=    0 ( 89,148)=    0 ( 86,148)=    0 ( 84,148)=    0 ( 81,148)=    0 ( 78,148)=    0 
     81 | (209,199)=11456 (204,199)=    0 (204,199)=    0 (193,199)=    0 (188,199)=    0 (182,200)=    0 (177,200)=    0 (172,200)=    0 (166,200)=    0 (161,200)=    0 
     82 | (194, 58)=11377 (193, 58)=    0 (193, 58)=    0 (191, 58)=    0 (190, 58)=    0 (189, 58)=    0 (188, 58)=    0 (187, 58)=    0 (186, 58)=    0 (185, 58)=    0 
     83 | ( 57, 38)=11345 ( 54, 38)=    0 ( 54, 38)=    0 ( 49, 38)=    0 ( 47, 38)=    0 ( 44, 38)=    0 ( 42, 38)=    0 ( 39, 38)=    0 ( 37, 38)=    0 ( 34, 38)=    0 
     84 | ( 72,186)=11296 ( 67,186)=    0 ( 67,186)=    0 ( 58,186)=    0 ( 53,187)=    0 ( 49,187)=    0 ( 44,187)=    0 ( 40,187)=    0 ( 36,187)=    0 ( 32,187)=    0 
     85 | (119, 40)=11189 (116, 40)=    0 (116, 40)=    0 (111, 40)=    0 (108, 40)=    0 (106, 40)=    0 (103, 40)=    0 (100, 40)=    0 ( 98, 40)=    0 ( 95, 40)=    0 
     86 | ( 55, 48)=10943 ( 52, 48)=    0 ( 52, 48)=    0 ( 47, 48)=    0 ( 45, 48)=    0 ( 42, 48)=    0 ( 40, 48)=    0 ( 37, 48)=    0 ( 35, 48)=    0 ( 32, 48)=    0 
     87 | ( 55,130)=10911 ( 50,130)=    0 ( 50,130)=    0 ( 40,130)=    0 ( 36,130)=    0 ( 31,130)=    0 ( 26,130)=    0 ( -1, -1)=   -4 ( -1, -1)=   -4 ( -1, -1)=   -4 
     88 | ( 76,142)=10850 ( 71,142)=    0 ( 71,142)=    0 ( 61,142)=    0 ( 57,142)=    0 ( 52,142)=    0 ( 47,142)=    0 ( 42,142)=    0 ( 38,142)=    0 ( 33,142)=    0 
     89 | (194, 68)=10819 (193, 68)=    0 (193, 68)=    0 (191, 68)=    0 (190, 68)=    0 (189, 68)=    0 (188, 69)=    0 (187, 69)=    0 (186, 69)=    0 (185, 69)=    0 
     90 | ( 60, 28)=10657 ( 57, 28)=    0 ( 57, 28)=    0 ( 52, 28)=    0 ( 50, 28)=    0 ( 47, 28)=    0 ( 45, 28)=    0 ( 42, 28)=    0 ( 40, 28)=    0 ( 37, 28)=    0 
     91 | (170,200)=10655 (165,200)=    0 (165,200)=    0 (155,200)=    0 (151,200)=    0 (146,200)=    0 (141,200)=    0 (136,199)=    0 (132,199)=    0 (127,199)=    0 
     92 | ( 30,122)=10577 ( 25,122)=    0 ( 25,122)=    0 ( -1, -1)=   -4 ( -1, -1)=   -4 ( -1, -1)=   -4 ( -1, -1)=   -4 ( -1, -1)=   -4 ( -1, -1)=   -4 ( -1, -1)=   -4 
     93 | (195, 38)=10485 (194, 38)=    0 (194, 38)=    0 (192, 38)=    0 (191, 38)=    0 (190, 38)=    0 (189, 38)=    0 (188, 38)=    0 (187, 38)=    0 (186, 38)=    0 
     94 | (271,110)=10398 (269,110)=    0 (269,110)=    0 (265,110)=    0 (262,110)=    0 (260,110)=    0 (258,110)=    0 (256,110)=    0 ( -1, -1)=   -5 ( -1, -1)=   -5 
     95 | (183,103)=10202 (181,103)=    0 (181,103)=    0 (175,103)=    0 (172,103)=    0 (168,103)=    0 (164,103)=    0 (161,103)=    0 (157,103)=    0 (153,103)=    0 
     96 | (285,108)= 9923 (281,108)=    0 (281,108)=    0 (273,108)=    0 (269,108)=    0 (265,108)=    0 (261,108)=    0 ( -1, -1)=   -5 ( -1, -1)=   -5 ( -1, -1)=   -5 
     97 | (171,125)= 9186 (167,125)=    0 (167,125)=    0 (160,125)=    0 (156,125)=    0 (152,126)=    0 (149,126)=    0 (145,126)=    0 (141,126)=    0 (138,126)=    0 
     98 | ( 53, 58)= 8999 ( 50, 58)=    0 ( 50, 58)=    0 ( 45, 58)=    0 ( 43, 58)=    0 ( 40, 58)=    0 ( 38, 58)=    0 ( 35, 58)=    0 ( 32, 58)=    0 ( 30, 59)=    0 
     99 | (242,206)= 8816 (237,206)=    0 (237,206)=    0 (227,206)=    0 (222,206)=    0 (217,206)=    0 (212,206)=    0 (207,206)=    0 (201,206)=    0 (196,206)=    0 
    100 | ( 91,104)= 8785 ( 86,104)=    0 ( 86,104)=    0 ( 77,104)=    0 ( 73,104)=    0 ( 68,104)=    0 ( 64,104)=    0 ( 59,105)=    0 ( 55,105)=    0 ( 50,105)=    0 
    101 | (109, 30)= 8621 (106, 30)=    0 (106, 30)=    0 (101, 30)=    0 ( 98, 30)=    0 ( 96, 30)=    0 ( 93, 30)=    0 ( 90, 30)=    0 ( 88, 30)=    0 ( 85, 30)=    0 
    102 | (230,215)= 8424 (225,215)=    0 (225,215)=    0 ( -1, -1)=   -4 ( -1, -1)=   -4 ( -1, -1)=   -4 ( -1, -1)=   -4 ( -1, -1)=   -4 ( -1, -1)=   -4 ( -1, -1)=   -4 
    103 | (160,196)= 8423 (155,196)=    0 (155,196)=    0 (146,196)=    0 (142,196)=    0 (137,196)=    0 (133,196)=    0 (128,196)=    0 (124,196)=    0 (119,195)=    0 
    104 | (183, 79)= 8326 (181, 79)=    0 (181, 79)=    0 (177, 79)=    0 (174, 79)=    0 (172, 79)=    0 (170, 79)=    0 (168, 79)=    0 (166, 79)=    0 (164, 79)=    0 
    105 | (160,101)= 8163 (158,101)=    0 (158,101)=    0 (154,101)=    0 (152,101)=    0 (150,101)=    0 (147,101)=    0 (145,101)=    0 (143,101)=    0 (141,101)=    0 
    106 | ( 54,151)= 8120 ( 49,151)=    0 ( 49,151)=    0 ( 40,151)=    0 ( 35,151)=    0 ( 30,151)=    0 ( 26,151)=    0 ( -1, -1)=   -4 ( -1, -1)=   -4 ( -1, -1)=   -4 
    107 | (161,132)= 7997 (158,132)=    0 (158,132)=    0 (151,132)=    0 (147,132)=    0 (143,132)=    0 (140,132)=    0 (136,132)=    0 (132,132)=    0 (128,132)=    0 
    108 | (231,205)= 7914 (226,205)=    0 (226,205)=    0 (216,205)=    0 (211,205)=    0 (206,205)=    0 (201,205)=    0 (196,205)=    0 (190,205)=    0 (185,205)=    0 
    109 | (138, 82)= 7843 (136, 82)=    0 (136, 82)=    0 (132, 82)=    0 (130, 82)=    0 (127, 82)=    0 (125, 82)=    0 (123, 82)=    0 (121, 82)=    0 (119, 82)=    0 
    110 | ( 40,199)= 7801 ( 35,199)=    0 ( 35,199)=    0 ( 26,199)=    0 ( -1, -1)=   -4 ( -1, -1)=   -4 ( -1, -1)=   -4 ( -1, -1)=   -4 ( -1, -1)=   -4 ( -1, -1)=   -4 
    111 | ( 82,186)= 7736 ( 77,186)=    0 ( 77,186)=    0 ( 68,187)=    0 ( 63,187)=    0 ( 59,187)=    0 ( 54,187)=    0 ( 50,187)=    0 ( 45,187)=    0 ( 41,187)=    0 
    112 | (124, 61)= 7565 (121, 61)=    0 (121, 61)=    0 (115, 61)=    0 (111, 61)=    0 (109, 61)=    0 (107, 61)=    0 (105, 61)=    0 (102, 61)=    0 (100, 61)=    0 
    113 | ( 72,130)= 7531 ( 67,130)=    0 ( 67,130)=    0 ( 57,130)=    0 ( 52,130)=    0 ( 48,130)=    0 ( 43,130)=    0 ( 38,130)=    0 ( 33,130)=    0 ( 29,130)=    0 
    114 | ( 44,124)= 7323 ( 39,124)=    0 ( 39,124)=    0 ( 29,124)=    0 ( 25,124)=    0 ( -1, -1)=   -4 ( -1, -1)=   -4 ( -1, -1)=   -4 ( -1, -1)=   -4 ( -1, -1)=   -4 
    115 | (225, 71)= 7168 ( -1, -1)=   -5 ( -1, -1)=   -5 ( -1, -1)=   -5 ( -1, -1)=   -5 ( -1, -1)=   -5 ( -1, -1)=   -5 ( -1, -1)=   -5 ( -1, -1)=   -5 ( -1, -1)=   -5 
    116 | (126,193)= 7112 (123,193)=    0 (123,193)=    0 (116,193)=    0 (112,193)=    0 (109,193)=    0 (105,193)=    0 (102,193)=    0 ( 98,193)=    0 ( 95,192)=    0 
    117 | (263,127)= 7020 (261,127)=    0 (261,127)=    0 (257,127)=    0 (255,127)=    0 (252,127)=    0 (250,127)=    0 (248,127)=    0 (246,127)=    0 (244,127)=    0 
    118 | (183, 69)= 6862 (181, 69)=    0 (181, 69)=    0 (177, 69)=    0 (175, 69)=    0 (172, 69)=    0 (170, 69)=    0 (168, 69)=    0 (166, 69)=    0 (164, 69)=    0 
    119 | ( 81,196)= 6852 ( 76,196)=    0 ( 76,196)=    0 ( 67,197)=    0 ( 62,197)=    0 ( 58,197)=    0 ( 53,197)=    0 ( 49,197)=    0 ( 44,197)=    0 ( 40,198)=    0 
    120 | (183, 49)= 6787 (181, 49)=    0 (181, 49)=    0 (177, 49)=    0 (175, 49)=    0 (173, 49)=    0 (171, 49)=    0 (169, 49)=    0 (166, 49)=    0 (164, 49)=    0 
    121 | (207, 72)= 6752 (206, 72)=    0 (206, 72)=    0 ( -1, -1)=   -5 ( -1, -1)=   -5 ( -1, -1)=   -5 ( -1, -1)=   -5 ( -1, -1)=   -5 ( -1, -1)=   -5 ( -1, -1)=   -5 
    122 | ( 88, 38)= 6660 ( 85, 38)=    0 ( 85, 38)=    0 ( 80, 38)=    0 ( 77, 38)=    0 ( 75, 38)=    0 ( 72, 38)=    0 ( 70, 38)=    0 ( 67, 38)=    0 ( 64, 38)=    0 
    123 | (137,110)= 6635 (135,110)=    0 (135,110)=    0 (130,110)=    0 (128,110)=    0 (126,110)=    0 (124,110)=    0 (122,110)=    0 (119,110)=    0 (117,110)=    0 
    124 | (178, 92)= 6353 (176, 92)=    0 (176, 92)=    0 (172, 92)=    0 (169, 92)=    0 (167, 92)=    0 (165, 92)=    0 (162, 92)=    0 (159, 92)=    0 (156, 92)=    0 
    125 | ( 36,139)= 6045 ( 31,139)=    0 ( 31,139)=    0 ( -1, -1)=   -4 ( -1, -1)=   -4 ( -1, -1)=   -4 ( -1, -1)=   -4 ( -1, -1)=   -4 ( -1, -1)=   -4 ( -1, -1)=   -4 
    126 | (285,141)= 6031 (281,141)=    0 (281,141)=    0 (273,141)=    0 (269,141)=    0 (266,141)=    0 (262,141)=    0 (258,141)=    0 (254,141)=    0 (250,141)=    0 
    127 | (195,111)= 5982 (191,111)=    0 (191,111)=    0 (184,110)=    0 (181,110)=    0 (178,110)=    0 (174,110)=    0 (171,110)=    0 (167,110)=    0 (163,109)=    0 
    128 | (183, 59)= 5908 (181, 59)=    0 (181, 59)=    0 (177, 59)=    0 (175, 59)=    0 (173, 59)=    0 (170, 59)=    0 (168, 59)=    0 (166, 59)=    0 (164, 59)=    0 
    129 | ( 45,209)= 5856 ( 40,209)=    0 ( 40,209)=    0 ( 31,209)=    0 ( 27,209)=    0 ( -1, -1)=   -4 ( -1, -1)=   -4 ( -1, -1)=   -4 ( -1, -1)=   -4 ( -1, -1)=   -4 
    130 | ( 81,215)= 5843 ( -1, -1)=   -4 ( -1, -1)=   -4 ( -1, -1)=   -4 ( -1, -1)=   -4 ( -1, -1)=   -4 ( -1, -1)=   -4 ( -1, -1)=   -4 ( -1, -1)=   -4 ( -1, -1)=   -4 
    131 | ( 99, 25)= 5836 ( 96, 25)=    0 ( 96, 25)=    0 ( 91, 25)=    0 ( 88, 25)=    0 ( 86, 25)=    0 ( 83, 25)=    0 ( 80, 25)=    0 ( 78, 25)=    0 ( 75, 25)=    0 
    132 | (282,128)= 5691 ( -1, -1)=   -5 ( -1, -1)=   -5 ( -1, -1)=   -5 ( -1, -1)=   -5 ( -1, -1)=   -5 ( -1, -1)=   -5 ( -1, -1)=   -5 ( -1, -1)=   -5 ( -1, -1)=   -5 
    133 | (226, 56)= 5675 (224, 56)=    0 (224, 56)=    0 (220, 56)=    0 (218, 56)=    0 (216, 56)=    0 (214, 56)=    0 (212, 56)=    0 (210, 56)=    0 (208, 56)=    0 
    134 | (286, 69)= 5385 (283, 69)=    0 (283, 69)=    0 (275, 69)=    0 (272, 69)=    0 (269, 69)=    0 (266, 68)=    0 (263, 68)=    0 (259, 68)=    0 (255, 68)=    0 
    135 | (134, 72)= 5282 (131, 72)=    0 (131, 72)=    0 (126, 72)=    0 (123, 72)=    0 (120, 72)=    0 (117, 72)=    0 (115, 72)=    0 (112, 72)=    0 (109, 72)=    0 
    136 | (160,121)= 5116 (158,121)=    0 (158,121)=    0 (153,121)=    0 (151,121)=    0 (148,122)=    0 (146,122)=    0 (143,122)=    0 (140,122)=    0 (136,122)=    0 
    137 | ( 30,112)= 5110 ( 25,112)=    0 ( 25,112)=    0 ( -1, -1)=   -4 ( -1, -1)=   -4 ( -1, -1)=   -4 ( -1, -1)=   -4 ( -1, -1)=   -4 ( -1, -1)=   -4 ( -1, -1)=   -4 
    138 | (208,209)= 5054 (202,209)=    0 (202,209)=    0 (191,210)=    0 (185,210)=    0 ( -1, -1)=   -5 ( -1, -1)=   -5 ( -1, -1)=   -5 ( -1, -1)=   -5 ( -1, -1)=   -5 
    139 | (124,172)= 5027 (121,172)=    0 (121,172)=    0 (115,172)=    0 (111,172)=    0 (108,172)=    0 (105,172)=    0 (102,172)=    0 ( 99,172)=    0 ( 96,172)=    0 
    140 | (116,127)= 4980 (113,127)=    0 (113,127)=    0 (108,127)=    0 (105,127)=    0 (102,127)=    0 ( 99,127)=    0 ( 96,127)=    0 ( 93,127)=    0 ( 91,127)=    0 
    141 | ( 28, 74)= 4839 ( -1, -1)=   -4 ( -1, -1)=   -4 ( -1, -1)=   -4 ( -1, -1)=   -4 ( -1, -1)=   -4 ( -1, -1)=   -4 ( -1, -1)=   -4 ( -1, -1)=   -4 ( -1, -1)=   -4 
    142 | ( 37,149)= 4780 ( 32,149)=    0 ( 32,149)=    0 ( -1, -1)=   -4 ( -1, -1)=   -4 ( -1, -1)=   -4 ( -1, -1)=   -4 ( -1, -1)=   -4 ( -1, -1)=   -4 ( -1, -1)=   -4 
    143 | (125,137)= 4757 (122,137)=    0 (122,137)=    0 (116,137)=    0 (113,137)=    0 (110,138)=    0 (107,138)=    0 (104,138)=    0 (101,138)=    0 ( 98,138)=    0 
    144 | ( 75,152)= 4729 ( 70,152)=    0 ( 70,152)=    0 ( 60,152)=    0 ( 55,152)=    0 ( 51,152)=    0 ( 46,152)=    0 ( 41,152)=    0 ( 36,152)=    0 ( 31,152)=    0 
    145 | (145,203)= 4648 (140,203)=    0 (140,203)=    0 (132,203)=    0 (127,203)=    0 (123,203)=    0 (118,203)=    0 (114,202)=    0 (110,202)=    0 (105,202)=    0 
    146 | ( 28, 84)= 4631 ( -1, -1)=   -4 ( -1, -1)=   -4 ( -1, -1)=   -4 ( -1, -1)=   -4 ( -1, -1)=   -4 ( -1, -1)=   -4 ( -1, -1)=   -4 ( -1, -1)=   -4 ( -1, -1)=   -4 
    147 | ( 28, 95)= 4389 ( -1, -1)=   -4 ( -1, -1)=   -4 ( -1, -1)=   -4 ( -1, -1)=   -4 ( -1, -1)=   -4 ( -1, -1)=   -4 ( -1, -1)=   -4 ( -1, -1)=   -4 ( -1, -1)=   -4 
    148 | (116,202)= 4308 (112,202)=    0 (112,202)=    0 (105,202)=    0 (101,202)=    0 ( 98,202)=    0 ( 94,202)=    0 ( 90,202)=    0 ( 87,202)=    0 ( 83,202)=    0 
    149 | ( 77,166)= 4148 ( 73,166)=    0 ( 73,166)=    0 ( 64,166)=    0 ( 59,166)=    0 ( 55,166)=    0 ( 51,166)=    0 ( 47,166)=    0 ( 42,167)=    0 ( 38,167)=    0 
