Feel free to place comments here.


!!!!!!!!!!!!!!!!!!!!!!!!!!!!!!!!!!!!!!!!!!!!!!!!!!!!!!!!!!!!!!!!!!!!!!!!!
!!! Warning:  This is a KLT data file.  Do not modify below this line !!!

------------------------------
KLT Feature Table
------------------------------

nFrames = 10, nFeatures = 150

feature |          frame
        |                     0                     1                     2                     3                     4                     5                     6                     7                     8                     9
--------+-----------------------------------------------------------------------------------------------------------------------------------------------------------------------------------------------------------------------------
      0 | ( 247.0,  75.0)=80215 ( 244.9,  75.1)=    0 ( 245.0,  75.0)=    0 ( 240.6,  75.0)=    0 ( 238.6,  75.0)=    0 ( 236.5,  75.0)=    0 ( 234.4,  74.9)=    0 ( 232.3,  74.9)=    0 ( 230.2,  74.9)=    0 ( 228.2,  74.9)=    0 
      1 | (  94.0, 132.0)=78604 (  91.0, 132.0)=    0 (  91.0, 132.0)=    0 (  85.0, 131.7)=    0 (  82.1, 131.5)=    0 (  79.1, 131.5)=    0 (  76.3, 131.4)=    0 (  73.4, 131.2)=    0 (  70.5, 131.1)=    0 (  67.6, 131.1)=    0 
      2 | (  94.0, 122.0)=74360 (  91.0, 122.0)=    0 (  91.0, 122.0)=    0 (  85.1, 121.8)=    0 (  82.1, 121.6)=    0 (  79.2, 121.6)=    0 (  76.3, 121.5)=    0 (  73.4, 121.3)=    0 (  70.6, 121.2)=    0 (  67.7, 121.2)=    0 
      3 | ( 106.0, 127.0)=72622 ( 103.0, 127.0)=    0 ( 103.0, 127.0)=    0 (  97.1, 127.0)=    0 (  94.2, 126.9)=    0 (  91.3, 126.9)=    0 (  88.5, 126.8)=    0 (  85.6, 126.8)=    0 (  82.7, 126.7)=    0 (  79.9, 126.6)=    0 
      4 | ( 246.0,  85.0)=61637 ( 243.9,  85.0)=    0 ( 244.0,  85.0)=    0 ( 239.6,  84.7)=    0 ( 237.5,  84.6)=    0 ( 235.5,  84.5)=    0 ( 233.4,  84.4)=    0 ( 231.3,  84.3)=    0 ( 229.2,  84.3)=    0 ( 227.2,  84.3)=    0 
      5 | ( 295.0,  98.0)=56093 ( 290.9,  97.9)=    0 ( 291.0,  98.0)=    0 ( 282.6,  97.6)=    0 ( 278.5,  97.6)=    0 ( 274.4,  97.6)=    0 ( 270.3,  97.7)=    0 ( 266.2,  97.8)=    0 ( 262.1,  98.0)=    0 ( 258.0,  98.2)=    0 
      6 | (  96.0, 215.0)=55524 (  91.6, 215.0)=    0 (  92.0, 215.0)=    0 (  83.0, 214.9)=    0 (  78.7, 214.9)=    0 (  74.5, 214.9)=    0 (  70.2, 214.9)=    0 (  65.9, 214.9)=    0 (  61.7, 214.9)=    0 (  57.5, 214.9)=    0 
      7 | ( 295.0,  87.0)=53710 ( 290.8,  86.8)=    0 ( 291.0,  87.0)=    0 ( 282.6,  86.3)=    0 ( 278.5,  86.4)=    0 ( 274.3,  86.4)=    0 ( 270.2,  86.4)=    0 ( 266.1,  86.6)=    0 ( 261.9,  86.8)=    0 ( 257.8,  86.9)=    0 
      8 | ( 295.0,  98.0)=56093 ( 290.9,  97.9)=    0 ( 291.0,  98.0)=    0 ( 282.6,  97.6)=    0 ( 278.5,  97.6)=    0 ( 274.4,  97.6)=    0 ( 270.3,  97.7)=    0 ( 266.2,  97.8)=    0 ( 262.1,  98.0)=    0 ( 258.0,  98.2)=    0 
      9 | ( 115.0, 116.0)=48050 ( 112.0, 116.0)=    0 ( 112.0, 116.0)=    0 ( 106.2, 116.0)=    0 ( 103.3, 115.9)=    0 ( 100.4, 115.9)=    0 (  97.5, 115.9)=    0 (  94.7, 115.9)=    0 (  91.8, 115.8)=    0 (  89.1, 115.8)=    0 
     10 | ( 295.0, 108.0)=46381 ( 290.8, 108.0)=    0 ( 291.0, 108.0)=    0 ( 282.6, 107.8)=    0 ( 278.5, 107.8)=    0 ( 274.4, 107.8)=    0 ( 270.3, 107.9)=    0 ( 266.2, 107.9)=    0 ( 262.0, 108.1)=    0 ( 257.9, 108.2)=    0 
     11 | ( 115.0, 137.0)=45009 ( 112.2, 137.1)=    0 ( 112.0, 137.0)=    0 ( 106.4, 137.2)=    0 ( 103.5, 137.2)=    0 ( 100.7, 137.3)=    0 (  97.9, 137.3)=    0 (  95.1, 137.4)=    0 (  92.4, 137.4)=    0 (  89.5, 137.5)=    0 
     12 | (  26.0, 139.0)=42990 (  -1.0,  -1.0)=   -4 (  -1.0,  -1.0)=   -4 (  -1.0,  -1.0)=   -4 (  -1.0,  -1.0)=   -4 (  -1.0,  -1.0)=   -4 (  -1.0,  -1.0)=   -4 (  -1.0,  -1.0)=   -4 (  -1.0,  -1.0)=   -4 (  -1.0,  -1.0)=   -4 
     13 | (  33.0, 169.0)=42589 (  28.5, 168.9)=    0 (  29.0, 169.0)=    0 (  -1.0,  -1.0)=   -4 (  -1.0,  -1.0)=   -4 (  -1.0,  -1.0)=   -4 (  -1.0,  -1.0)=   -4 (  -1.0,  -1.0)=   -4 (  -1.0,  -1.0)=   -4 (  -1.0,  -1.0)=   -4 
     14 | (  90.0,  76.0)=41511 (  85.3,  76.1)=    0 (  85.0,  76.0)=    0 (  76.2,  76.3)=    0 (  71.6,  76.4)=    0 (  67.2,  76.5)=    0 (  62.7,  76.6)=    0 (  58.3,  76.7)=    0 (  54.0,  76.7)=    0 (  49.6,  76.8)=    0 
     15 | (  27.0, 149.0)=40650 (  -1.0,  -1.0)=   -4 (  -1.0,  -1.0)=   -4 (  -1.0,  -1.0)=   -4 (  -1.0,  -1.0)=   -4 (  -1.0,  -1.0)=   -4 (  -1.0,  -1.0)=   -4 (  -1.0,  -1.0)=   -4 (  -1.0,  -1.0)=   -4 (  -1.0,  -1.0)=   -4 
     16 | ( 145.0,  62.0)=40299 ( 142.8,  62.0)=    0 ( 143.0,  62.0)=    0 ( 138.5,  62.0)=    0 ( 136.3,  61.9)=    0 ( 134.2,  61.9)=    0 ( 132.1,  61.9)=    0 ( 130.0,  61.9)=    0 ( 128.0,  62.0)=    0 ( 125.9,  62.0)=    0 
     17 | (  32.0, 159.0)=39102 (  27.5, 158.9)=    0 (  28.0, 159.0)=    0 (  -1.0,  -1.0)=   -4 (  -1.0,  -1.0)=   -4 (  -1.0,  -1.0)=   -4 (  -1.0,  -1.0)=   -4 (  -1.0,  -1.0)=   -4 (  -1.0,  -1.0)=   -4 (  -1.0,  -1.0)=   -4 
     18 | (  94.0, 205.0)=38661 (  89.5, 205.1)=    0 (  90.0, 205.0)=    0 (  80.6, 205.2)=    0 (  76.2, 205.2)=    0 (  71.9, 205.3)=    0 (  67.6, 205.4)=    0 (  63.3, 205.5)=    0 (  59.0, 205.5)=    0 (  54.8, 205.6)=    0 
     19 | (  34.0, 189.0)=38380 (  29.5, 188.8)=    0 (  30.0, 189.0)=    0 (  -1.0,  -1.0)=   -4 (  -1.0,  -1.0)=   -4 (  -1.0,  -1.0)=   -4 (  -1.0,  -1.0)=   -4 (  -1.0,  -1.0)=   -4 (  -1.0,  -1.0)=   -4 (  -1.0,  -1.0)=   -4 
     20 | (  33.0, 179.0)=37963 (  28.5, 178.9)=    0 (  29.0, 179.0)=    0 (  -1.0,  -1.0)=   -4 (  -1.0,  -1.0)=   -4 (  -1.0,  -1.0)=   -4 (  -1.0,  -1.0)=   -4 (  -1.0,  -1.0)=   -4 (  -1.0,  -1.0)=   -4 (  -1.0,  -1.0)=   -4 
     21 | ( 128.0, 203.0)=37834 (  -1.0,  -1.0)=   -5 (  -1.0,  -1.0)=   -5 (  -1.0,  -1.0)=   -5 (  -1.0,  -1.0)=   -5 (  -1.0,  -1.0)=   -5 (  -1.0,  -1.0)=   -5 (  -1.0,  -1.0)=   -5 (  -1.0,  -1.0)=   -5 (  -1.0,  -1.0)=   -5 
     22 | ( 272.0,  99.0)=36078 ( 269.7,  99.1)=    0 ( 270.0,  99.0)=    0 ( 265.5,  99.3)=    0 ( 263.4,  99.4)=    0 ( 261.2,  99.5)=    0 ( 259.1,  99.6)=    0 (  -1.0,  -1.0)=   -5 (  -1.0,  -1.0)=   -5 (  -1.0,  -1.0)=   -5 
     23 | ( 259.0, 156.0)=35933 ( 255.8, 156.0)=    0 ( 256.0, 156.0)=    0 ( 249.6, 156.1)=    0 ( 246.6, 156.1)=    0 ( 243.5, 156.1)=    0 ( 240.4, 156.1)=    0 ( 237.4, 156.2)=    0 ( 234.3, 156.2)=    0 ( 231.3, 156.2)=    0 
     24 | ( 287.0, 163.0)=35488 ( 283.1, 162.8)=    0 ( 283.0, 163.0)=    0 ( 275.4, 162.3)=    0 ( 271.4, 162.1)=    0 ( 267.5, 162.0)=    0 ( 263.6, 161.8)=    0 ( 259.7, 161.7)=    0 ( 255.8, 161.5)=    0 ( 251.9, 161.4)=    0 
     25 | ( 273.0,  80.0)=34699 ( 270.8,  80.1)=    0 ( 271.0,  80.0)=    0 ( 266.6,  80.0)=    0 ( 264.5,  80.1)=    0 ( 262.4,  80.1)=    0 (  -1.0,  -1.0)=   -5 (  -1.0,  -1.0)=   -5 (  -1.0,  -1.0)=   -5 (  -1.0,  -1.0)=   -5 
     26 | ( 286.0, 182.0)=32861 ( 282.2, 181.8)=    0 ( 282.0, 182.0)=    0 ( 274.6, 181.5)=    0 ( 270.8, 181.3)=    0 ( 267.0, 181.2)=    0 ( 263.2, 181.0)=    0 ( 259.5, 180.9)=    0 ( 255.6, 180.8)=    0 ( 251.8, 180.7)=    0 
     27 | ( 285.0, 193.0)=32627 ( 281.2, 192.9)=    0 ( 281.0, 193.0)=    0 ( 273.6, 192.7)=    0 ( 269.9, 192.6)=    0 ( 266.1, 192.5)=    0 ( 262.3, 192.4)=    0 ( 258.5, 192.3)=    0 ( 254.7, 192.2)=    0 ( 250.9, 192.1)=    0 
     28 | ( 282.0, 151.0)=32582 ( 278.2, 150.9)=    0 ( 278.0, 151.0)=    0 ( 270.5, 150.6)=    0 ( 266.7, 150.5)=    0 ( 262.9, 150.4)=    0 ( 259.1, 150.3)=    0 ( 255.3, 150.3)=    0 ( 251.4, 150.2)=    0 ( 247.6, 150.2)=    0 
     29 | ( 256.0, 168.0)=31806 ( 252.6, 168.1)=    0 ( 253.0, 168.0)=    0 ( 246.1, 168.3)=    0 ( 242.8, 168.3)=    0 ( 239.6, 168.3)=    0 ( 236.3, 168.4)=    0 ( 233.2, 168.4)=    0 ( 230.0, 168.5)=    0 ( 226.8, 168.5)=    0 
     30 | ( 263.0,  88.0)=31282 ( 260.9,  88.0)=    0 ( 261.0,  88.0)=    0 ( 256.7,  88.0)=    0 ( 254.6,  88.1)=    0 ( 252.5,  88.1)=    0 ( 250.5,  88.0)=    0 ( 248.4,  88.1)=    0 ( 246.3,  88.2)=    0 ( 244.2,  88.1)=    0 
     31 | ( 260.0,  74.0)=30631 ( 257.9,  74.0)=    0 ( 258.0,  74.0)=    0 ( 253.7,  74.0)=    0 ( 251.6,  74.0)=    0 ( 249.5,  74.0)=    0 ( 247.5,  73.9)=    0 ( 245.4,  73.9)=    0 ( 243.3,  73.9)=    0 ( 241.2,  73.8)=    0 
     32 | ( 105.0, 117.0)=30137 ( 102.0, 117.1)=    0 ( 102.0, 117.0)=    0 (  96.1, 117.0)=    0 (  93.2, 116.9)=    0 (  90.3, 116.9)=    0 (  87.4, 116.9)=    0 (  84.5, 116.8)=    0 (  81.7, 116.8)=    0 (  78.8, 116.7)=    0 
     33 | (  91.0,  86.0)=29976 (  86.3,  86.1)=    0 (  86.0,  86.0)=    0 (  77.2,  86.3)=    0 (  72.6,  86.4)=    0 (  68.2,  86.5)=    0 (  63.8,  86.6)=    0 (  59.3,  86.7)=    0 (  54.9,  86.7)=    0 (  50.6,  86.8)=    0 
     34 | ( 262.0, 100.0)=29531 ( 259.8, 100.0)=    0 ( 260.0, 100.0)=    0 ( 255.7, 100.0)=    0 ( 253.7, 100.0)=    0 ( 251.6, 100.1)=    0 ( 249.6, 100.2)=    0 ( 247.5, 100.3)=    0 ( 245.3, 100.4)=    0 ( 243.2, 100.5)=    0 
     35 | (  82.0,  24.0)=28727 (  -1.0,  -1.0)=   -4 (  -1.0,  -1.0)=   -4 (  -1.0,  -1.0)=   -4 (  -1.0,  -1.0)=   -4 (  -1.0,  -1.0)=   -4 (  -1.0,  -1.0)=   -4 (  -1.0,  -1.0)=   -4 (  -1.0,  -1.0)=   -4 (  -1.0,  -1.0)=   -4 
     36 | (  30.0, 199.0)=28427 (  25.6, 198.8)=    0 (  26.0, 199.0)=    0 (  -1.0,  -1.0)=   -4 (  -1.0,  -1.0)=   -4 (  -1.0,  -1.0)=   -4 (  -1.0,  -1.0)=   -4 (  -1.0,  -1.0)=   -4 (  -1.0,  -1.0)=   -4 (  -1.0,  -1.0)=   -4 
     37 | (  31.0, 215.0)=28085 (  26.6, 214.8)=    0 (  27.0, 215.0)=    0 (  -1.0,  -1.0)=   -4 (  -1.0,  -1.0)=   -4 (  -1.0,  -1.0)=   -4 (  -1.0,  -1.0)=   -4 (  -1.0,  -1.0)=   -4 (  -1.0,  -1.0)=   -4 (  -1.0,  -1.0)=   -4 
     38 | ( 105.0, 137.0)=27738 ( 102.0, 137.0)=    0 ( 102.0, 137.0)=    0 (  96.1, 136.9)=    0 (  93.2, 136.9)=    0 (  90.3, 136.8)=    0 (  87.4, 136.8)=    0 (  84.5, 136.7)=    0 (  81.6, 136.7)=    0 (  78.8, 136.6)=    0 
     39 | ( 137.0, 145.0)=27727 ( 134.2, 145.2)=    0 ( 134.0, 145.0)=    0 ( 128.6, 145.5)=    0 ( 125.9, 145.7)=    0 ( 123.2, 145.9)=    0 ( 120.5, 146.1)=    0 ( 117.9, 146.4)=    0 ( 115.2, 146.6)=    0 ( 112.5, 146.9)=    0 
     40 | ( 157.0,  62.0)=27259 ( 154.8,  62.0)=    0 ( 155.0,  62.0)=    0 ( 150.5,  62.0)=    0 ( 148.4,  62.0)=    0 ( 146.3,  62.0)=    0 ( 144.2,  62.0)=    0 ( 142.1,  62.0)=    0 ( 140.0,  62.0)=    0 ( 137.9,  62.0)=    0 
     41 | ( 285.0,  89.0)=26789 (  -1.0,  -1.0)=   -5 (  -1.0,  -1.0)=   -5 (  -1.0,  -1.0)=   -5 (  -1.0,  -1.0)=   -5 (  -1.0,  -1.0)=   -5 (  -1.0,  -1.0)=   -5 (  -1.0,  -1.0)=   -5 (  -1.0,  -1.0)=   -5 (  -1.0,  -1.0)=   -5 
     42 | ( 136.0, 125.0)=26323 ( 133.2, 125.1)=    0 ( 133.0, 125.0)=    0 ( 127.7, 125.3)=    0 ( 125.0, 125.4)=    0 ( 122.3, 125.5)=    0 ( 119.6, 125.6)=    0 ( 116.9, 125.7)=    0 ( 114.1, 125.9)=    0 ( 111.4, 126.0)=    0 
     43 | ( 259.0, 146.0)=25959 ( 255.4, 146.0)=    0 ( 255.0, 146.0)=    0 ( 249.2, 146.1)=    0 ( 246.2, 146.1)=    0 ( 243.3, 146.1)=    0 ( 240.3, 146.1)=    0 ( 237.3, 146.2)=    0 ( 234.3, 146.2)=    0 ( 231.4, 146.3)=    0 
     44 | (  95.0, 195.0)=24704 (  90.5, 195.0)=    0 (  91.0, 195.0)=    0 (  81.6, 195.1)=    0 (  77.1, 195.2)=    0 (  72.8, 195.3)=    0 (  68.5, 195.4)=    0 (  64.2, 195.4)=    0 (  59.8, 195.5)=    0 (  55.6, 195.6)=    0 
     45 | ( 219.0, 197.0)=23162 ( 213.6, 197.1)=    0 ( 214.0, 197.0)=    0 ( 202.8, 197.3)=    0 ( 197.5, 197.4)=    0 ( 192.2, 197.5)=    0 ( 187.0, 197.7)=    0 ( 181.7, 197.9)=    0 ( 176.4, 198.1)=    0 ( 171.2, 198.4)=    0 
     46 | ( 257.0, 178.0)=23162 ( 253.6, 178.1)=    0 ( 254.0, 178.0)=    0 ( 246.8, 178.1)=    0 ( 243.5, 178.2)=    0 ( 240.2, 178.2)=    0 ( 236.9, 178.3)=    0 ( 233.6, 178.3)=    0 ( 230.2, 178.4)=    0 ( 226.9, 178.4)=    0 
     47 | ( 220.0, 212.0)=23069 ( 214.2, 212.0)=    0 ( 214.0, 212.0)=    0 ( 202.4, 212.0)=    0 ( 196.4, 212.0)=    0 ( 190.4, 212.1)=    0 ( 184.4, 212.0)=    0 ( 178.5, 212.1)=    0 ( 172.7, 212.2)=    0 ( 166.8, 212.3)=    0 
     48 | ( 171.0, 190.0)=22195 ( 166.2, 190.0)=    0 ( 166.0, 190.0)=    0 ( 156.8, 189.8)=    0 ( 152.2, 189.7)=    0 ( 147.5, 189.7)=    0 ( 142.9, 189.6)=    0 ( 138.3, 189.5)=    0 ( 133.6, 189.5)=    0 ( 128.9, 189.4)=    0 
     49 | ( 208.0, 189.0)=21353 ( 202.9, 189.1)=    0 ( 203.0, 189.0)=    0 ( 192.8, 189.3)=    0 ( 187.7, 189.3)=    0 ( 182.7, 189.4)=    0 ( 177.7, 189.5)=    0 ( 172.7, 189.6)=    0 ( 167.6, 189.6)=    0 ( 162.6, 189.7)=    0 
     50 | ( 244.0,  96.0)=21265 ( 240.3,  96.0)=    0 ( 240.0,  96.0)=    0 ( 233.0,  95.8)=    0 ( 229.4,  95.7)=    0 ( 225.8,  95.7)=    0 ( 222.3,  95.7)=    0 ( 218.7,  95.7)=    0 ( 215.0,  95.8)=    0 ( 211.4,  95.9)=    0 
     51 | ( 142.0, 169.0)=21096 ( 138.3, 169.1)=    0 ( 138.0, 169.0)=    0 ( 131.1, 169.1)=    0 ( 127.5, 169.2)=    0 ( 123.9, 169.3)=    0 ( 120.2, 169.4)=    0 ( 116.6, 169.5)=    0 ( 113.1, 169.5)=    0 ( 109.6, 169.6)=    0 
     52 | ( 150.0, 123.0)=20358 ( 147.8, 123.1)=    0 ( 148.0, 123.0)=    0 ( 143.4, 123.3)=    0 ( 141.3, 123.3)=    0 ( 139.1, 123.5)=    0 ( 136.9, 123.6)=    0 ( 134.9, 123.7)=    0 ( 132.8, 123.9)=    0 ( 130.6, 124.1)=    0 
     53 | ( 148.0, 150.0)=19983 ( 144.3, 150.2)=    0 ( 144.0, 150.0)=    0 ( 136.9, 150.6)=    0 ( 133.2, 150.7)=    0 ( 129.6, 150.9)=    0 ( 125.9, 151.0)=    0 ( 122.3, 151.2)=    0 ( 118.6, 151.4)=    0 ( 115.2, 151.7)=    0 
     54 | ( 277.0, 208.0)=19110 ( 271.9, 208.0)=    0 ( 272.0, 208.0)=    0 ( 261.9, 207.7)=    0 ( 256.8, 207.5)=    0 ( 251.8, 207.4)=    0 ( 246.7, 207.2)=    0 ( 241.7, 207.1)=    0 ( 236.6, 207.1)=    0 ( 231.5, 207.0)=    0 
     55 | (  94.0, 149.0)=18880 (  -1.0,  -1.0)=   -5 (  -1.0,  -1.0)=   -5 (  -1.0,  -1.0)=   -5 (  -1.0,  -1.0)=   -5 (  -1.0,  -1.0)=   -5 (  -1.0,  -1.0)=   -5 (  -1.0,  -1.0)=   -5 (  -1.0,  -1.0)=   -5 (  -1.0,  -1.0)=   -5 
     56 | ( 289.0, 209.0)=18830 ( 284.0, 209.0)=    0 ( 284.0, 209.0)=    0 ( 273.9, 208.9)=    0 ( 268.8, 208.8)=    0 ( 263.8, 208.7)=    0 ( 258.7, 208.5)=    0 ( 253.6, 208.3)=    0 ( 248.6, 208.3)=    0 ( 243.5, 208.2)=    0 
     57 | ( 137.0, 135.0)=18385 ( 134.3, 135.1)=    0 ( 134.0, 135.0)=    0 ( 128.7, 135.4)=    0 ( 126.0, 135.6)=    0 ( 123.3, 135.7)=    0 ( 120.6, 135.9)=    0 ( 118.0, 136.1)=    0 ( 115.3, 136.3)=    0 ( 112.6, 136.5)=    0 
     58 | (  80.0, 176.0)=18175 (  75.3, 176.2)=    0 (  75.0, 176.0)=    0 (  66.0, 176.4)=    0 (  61.5, 176.5)=    0 (  56.9, 176.6)=    0 (  52.4, 176.8)=    0 (  47.9, 176.9)=    0 (  43.5, 177.0)=    0 (  39.1, 177.1)=    0 
     59 | ( 139.0, 179.0)=18151 ( 135.2, 179.0)=    0 ( 135.0, 179.0)=    0 ( 127.8, 178.9)=    0 ( 124.1, 178.8)=    0 ( 120.4, 178.8)=    0 ( 116.8, 178.8)=    0 ( 113.1, 178.7)=    0 ( 109.5, 178.6)=    0 ( 105.8, 178.5)=    0 
     60 | ( 287.0, 118.0)=18049 ( 283.2, 117.9)=    0 ( 283.0, 118.0)=    0 ( 275.4, 117.9)=    0 ( 271.5, 117.9)=    0 ( 267.5, 117.9)=    0 ( 263.6, 118.0)=    0 ( 259.8, 118.0)=    0 ( 255.8, 118.1)=    0 ( 251.8, 118.2)=    0 
     61 | ( 274.0,  70.0)=17393 ( 271.8,  70.0)=    0 ( 272.0,  70.0)=    0 ( 267.5,  69.8)=    0 ( 265.5,  69.7)=    0 ( 263.4,  69.7)=    0 ( 261.3,  69.6)=    0 (  -1.0,  -1.0)=   -5 (  -1.0,  -1.0)=   -5 (  -1.0,  -1.0)=   -5 
     62 | (  94.0, 185.0)=17129 (  89.4, 185.1)=    0 (  89.0, 185.0)=    0 (  80.5, 185.2)=    0 (  76.1, 185.3)=    0 (  71.7, 185.4)=    0 (  67.5, 185.5)=    0 (  63.2, 185.5)=    0 (  58.9, 185.6)=    0 (  54.6, 185.7)=    0 
     63 | ( 114.0,  61.0)=16560 ( 111.7,  61.0)=    0 ( 112.0,  61.0)=    0 ( 107.0,  61.1)=    0 ( 104.7,  61.1)=    0 ( 102.4,  61.1)=    0 ( 100.2,  61.1)=    0 (  97.9,  61.1)=    0 (  95.6,  61.1)=    0 (  93.3,  61.0)=    0 
     64 | ( 146.0,  96.0)=16201 ( 143.8,  96.0)=    0 ( 144.0,  96.0)=    0 ( 139.5,  96.1)=    0 ( 137.4,  96.1)=    0 ( 135.3,  96.1)=    0 ( 133.3,  96.1)=    0 ( 131.3,  96.2)=    0 ( 129.2,  96.2)=    0 ( 127.1,  96.2)=    0 
     65 | (  94.0, 168.0)=16102 (  89.4, 168.0)=    0 (  89.0, 168.0)=    0 (  80.5, 168.1)=    0 (  76.1, 168.0)=    0 (  71.7, 168.1)=    0 (  67.4, 168.1)=    0 (  63.1, 168.1)=    0 (  58.8, 168.0)=    0 (  54.5, 168.0)=    0 
     66 | ( 136.0, 155.0)=15589 ( 133.0, 155.2)=    0 ( 133.0, 155.0)=    0 ( 127.3, 155.5)=    0 ( 124.3, 155.7)=    0 ( 121.4, 155.9)=    0 ( 118.5, 156.1)=    0 ( 115.4, 156.3)=    0 ( 112.4, 156.5)=    0 ( 109.3, 156.7)=    0 
     67 | ( 167.0,  64.0)=14186 ( 164.9,  64.0)=    0 ( 165.0,  64.0)=    0 ( 160.6,  64.0)=    0 ( 158.5,  64.0)=    0 ( 156.4,  63.9)=    0 ( 154.3,  63.9)=    0 ( 152.2,  63.9)=    0 ( 150.2,  63.9)=    0 ( 148.1,  63.9)=    0 
     68 | ( 208.0,  40.0)=13981 ( 206.9,  40.1)=    0 ( 207.0,  40.0)=    0 ( 204.7,  40.1)=    0 ( 203.7,  40.2)=    0 ( 202.7,  40.2)=    0 ( 201.8,  40.3)=    0 ( 200.8,  40.3)=    0 ( 199.8,  40.4)=    0 ( 198.9,  40.5)=    0 
     69 | ( 254.0, 110.0)=13850 ( 251.8, 110.0)=    0 ( 252.0, 110.0)=    0 ( 247.7, 109.9)=    0 ( 245.6, 109.9)=    0 ( 243.5, 109.9)=    0 ( 241.5, 109.9)=    0 ( 239.6, 109.9)=    0 ( 237.5, 109.9)=    0 ( 235.4, 109.8)=    0 
     70 | ( 151.0, 140.0)=13806 ( 147.3, 140.1)=    0 ( 147.0, 140.0)=    0 ( 139.9, 140.4)=    0 ( 136.2, 140.5)=    0 ( 132.4, 140.7)=    0 ( 128.7, 140.9)=    0 ( 125.1, 141.1)=    0 ( 121.5, 141.3)=    0 ( 117.8, 141.5)=    0 
     71 | ( 161.0, 111.0)=13566 ( 158.7, 111.1)=    0 ( 159.0, 111.0)=    0 ( 154.4, 111.2)=    0 ( 152.2, 111.3)=    0 ( 150.1, 111.4)=    0 ( 147.9, 111.5)=    0 ( 145.8, 111.7)=    0 ( 143.7, 111.9)=    0 ( 141.6, 112.1)=    0 
     72 | ( 208.0,  51.0)=13119 ( 206.9,  51.1)=    0 ( 207.0,  51.0)=    0 ( 204.8,  51.2)=    0 ( 203.8,  51.2)=    0 ( 202.8,  51.3)=    0 ( 201.8,  51.4)=    0 ( 200.8,  51.5)=    0 ( 199.8,  51.6)=    0 ( 198.8,  51.6)=    0 
     73 | ( 183.0, 113.0)=12797 ( 180.7, 113.0)=    0 ( 181.0, 113.0)=    0 ( 176.3, 112.9)=    0 ( 174.0, 112.8)=    0 ( 171.3, 112.7)=    0 ( 168.1, 112.5)=    0 ( 164.4, 112.4)=    0 ( 160.8, 112.3)=    0 ( 157.2, 112.3)=    0 
     74 | ( 208.0,  62.0)=12590 ( 206.9,  62.1)=    0 ( 207.0,  62.0)=    0 ( 204.9,  62.2)=    0 ( 203.8,  62.3)=    0 ( 202.8,  62.4)=    0 ( 201.8,  62.4)=    0 ( 200.8,  62.4)=    0 ( 199.8,  62.5)=    0 ( 198.8,  62.5)=    0 
     75 | ( 237.0,  73.0)=12291 (  -1.0,  -1.0)=   -5 (  -1.0,  -1.0)=   -5 (  -1.0,  -1.0)=   -5 (  -1.0,  -1.0)=   -5 (  -1.0,  -1.0)=   -5 (  -1.0,  -1.0)=   -5 (  -1.0,  -1.0)=   -5 (  -1.0,  -1.0)=   -5 (  -1.0,  -1.0)=   -5 
     76 | ( 114.0, 212.0)=12286 ( 110.2, 212.0)=    0 ( 110.0, 212.0)=    0 ( 102.6, 211.9)=    0 (  98.9, 211.8)=    0 (  95.2, 211.7)=    0 (  91.4, 211.7)=    0 (  87.8, 211.6)=    0 (  84.0, 211.5)=    0 (  80.4, 211.5)=    0 
     77 | ( 261.0, 207.0)=12072 ( 255.9, 206.9)=    0 ( 256.0, 207.0)=    0 ( 245.7, 206.8)=    0 ( 240.6, 206.8)=    0 ( 235.6, 206.8)=    0 ( 230.5, 206.7)=    0 ( 225.4, 206.6)=    0 ( 220.4, 206.7)=    0 ( 215.3, 206.7)=    0 
     78 | ( 195.0,  48.0)=11772 ( 194.0,  48.0)=    0 ( 194.0,  48.0)=    0 ( 191.9,  48.1)=    0 ( 190.9,  48.0)=    0 ( 190.0,  48.0)=    0 ( 189.1,  48.0)=    0 ( 188.2,  48.0)=    0 ( 187.2,  47.9)=    0 ( 186.4,  48.0)=    0 
     79 | (  60.0, 141.0)=11670 (  55.1, 141.1)=    0 (  55.0, 141.0)=    0 (  45.4, 141.0)=    0 (  40.6, 141.0)=    0 (  35.8, 141.0)=    0 (  31.1, 141.0)=    0 (  26.5, 141.0)=    0 (  -1.0,  -1.0)=   -4 (  -1.0,  -1.0)=   -4 
     80 | ( 104.0, 148.0)=11558 ( 101.0, 148.0)=    0 ( 101.0, 148.0)=    0 (  95.0, 147.9)=    0 (  92.1, 147.8)=    0 (  89.3, 147.8)=    0 (  86.4, 147.8)=    0 (  83.6, 147.8)=    0 (  80.8, 147.8)=    0 (  77.9, 147.7)=    0 
     81 | ( 209.0, 199.0)=11456 ( 203.6, 199.1)=    0 ( 204.0, 199.0)=    0 ( 192.8, 199.4)=    0 ( 187.5, 199.4)=    0 ( 182.2, 199.6)=    0 ( 176.8, 199.7)=    0 ( 171.5, 199.8)=    0 ( 166.1, 200.0)=    0 ( 160.7, 200.1)=    0 
     82 | ( 194.0,  58.0)=11377 ( 193.0,  58.1)=    0 ( 193.0,  58.0)=    0 ( 190.9,  58.2)=    0 ( 190.0,  58.2)=    0 ( 189.0,  58.2)=    0 ( 188.1,  58.2)=    0 ( 187.1,  58.2)=    0 ( 186.2,  58.2)=    0 ( 185.3,  58.2)=    0 
     83 | (  57.0,  38.0)=11345 (  54.4,  38.0)=    0 (  54.0,  38.0)=    0 (  49.2,  38.1)=    0 (  46.6,  38.1)=    0 (  44.1,  38.2)=    0 (  41.6,  38.2)=    0 (  39.1,  38.2)=    0 (  36.6,  38.2)=    0 (  34.1,  38.3)=    0 
     84 | (  72.0, 186.0)=11296 (  67.2, 186.2)=    0 (  67.0, 186.0)=    0 (  57.8, 186.4)=    0 (  53.3, 186.5)=    0 (  48.7, 186.6)=    0 (  44.3, 186.7)=    0 (  40.0, 186.8)=    0 (  35.7, 187.0)=    0 (  31.5, 187.1)=    0 
     85 | ( 119.0,  40.0)=11189 ( 116.3,  40.0)=    0 ( 116.0,  40.0)=    0 ( 110.7,  40.0)=    0 ( 108.1,  40.0)=    0 ( 105.5,  39.9)=    0 ( 102.8,  39.9)=    0 ( 100.2,  39.9)=    0 (  97.6,  39.9)=    0 (  94.9,  39.9)=    0 
     86 | (  55.0,  48.0)=10943 (  52.4,  48.0)=    0 (  52.0,  48.0)=    0 (  47.2,  48.1)=    0 (  44.6,  48.2)=    0 (  42.0,  48.2)=    0 (  39.5,  48.2)=    0 (  37.0,  48.3)=    0 (  34.5,  48.3)=    0 (  32.0,  48.3)=    0 
     87 | (  55.0, 130.0)=10911 (  50.1, 130.0)=    0 (  50.0, 130.0)=    0 (  40.3, 129.9)=    0 (  35.5, 129.8)=    0 (  30.7, 129.8)=    0 (  26.1, 129.8)=    0 (  -1.0,  -1.0)=   -4 (  -1.0,  -1.0)=   -4 (  -1.0,  -1.0)=   -4 
     88 | (  76.0, 142.0)=10850 (  71.1, 142.0)=    0 (  71.0, 142.0)=    0 (  61.3, 141.8)=    0 (  56.6, 141.7)=    0 (  51.8, 141.8)=    0 (  47.1, 141.7)=    0 (  42.4, 141.6)=    0 (  37.7, 141.5)=    0 (  33.1, 141.6)=    0 
     89 | ( 194.0,  68.0)=10819 ( 192.9,  68.1)=    0 ( 193.0,  68.0)=    0 ( 190.9,  68.3)=    0 ( 189.9,  68.4)=    0 ( 188.9,  68.4)=    0 ( 187.9,  68.5)=    0 ( 186.9,  68.6)=    0 ( 185.9,  68.6)=    0 ( 184.9,  68.6)=    0 
     90 | (  60.0,  28.0)=10657 (  57.4,  28.1)=    0 (  57.0,  28.0)=    0 (  52.2,  28.1)=    0 (  49.6,  28.1)=    0 (  47.1,  28.1)=    0 (  44.6,  28.2)=    0 (  42.1,  28.2)=    0 (  39.6,  28.2)=    0 (  37.1,  28.3)=    0 
     91 | ( 170.0, 200.0)=10655 ( 165.1, 200.0)=    0 ( 165.0, 200.0)=    0 ( 155.4, 199.9)=    0 ( 150.6, 199.7)=    0 ( 145.8, 199.7)=    0 ( 141.0, 199.5)=    0 ( 136.3, 199.4)=    0 ( 131.5, 199.4)=    0 ( 126.8, 199.3)=    0 
     92 | (  30.0, 122.0)=10577 (  25.4, 122.2)=    0 (  25.0, 122.0)=    0 (  -1.0,  -1.0)=   -4 (  -1.0,  -1.0)=   -4 (  -1.0,  -1.0)=   -4 (  -1.0,  -1.0)=   -4 (  -1.0,  -1.0)=   -4 (  -1.0,  -1.0)=   -4 (  -1.0,  -1.0)=   -4 
     93 | ( 195.0,  38.0)=10485 ( 194.0,  38.0)=    0 ( 194.0,  38.0)=    0 ( 191.9,  38.0)=    0 ( 190.9,  38.0)=    0 ( 190.0,  38.0)=    0 ( 189.1,  37.9)=    0 ( 188.2,  37.9)=    0 ( 187.2,  37.9)=    0 ( 186.4,  37.9)=    0 
     94 | ( 271.0, 110.0)=10398 ( 268.8, 110.0)=    0 ( 269.0, 110.0)=    0 ( 264.6, 110.1)=    0 ( 262.4, 110.1)=    0 ( 260.3, 110.2)=    0 ( 258.3, 110.2)=    0 ( 256.3, 110.3)=    0 (  -1.0,  -1.0)=   -5 (  -1.0,  -1.0)=   -5 
     95 | ( 183.0, 103.0)=10202 ( 180.8, 102.9)=    0 ( 181.0, 103.0)=    0 ( 175.4, 102.7)=    0 ( 171.8, 102.6)=    0 ( 168.1, 102.6)=    0 ( 164.3, 102.5)=    0 ( 160.7, 102.5)=    0 ( 157.0, 102.6)=    0 ( 153.4, 102.7)=    0 
     96 | ( 285.0, 108.0)= 9923 ( 280.9, 108.0)=    0 ( 281.0, 108.0)=    0 ( 272.8, 107.9)=    0 ( 268.7, 107.9)=    0 ( 264.5, 107.9)=    0 ( 260.8, 108.0)=    0 (  -1.0,  -1.0)=   -5 (  -1.0,  -1.0)=   -5 (  -1.0,  -1.0)=   -5 
     97 | ( 171.0, 125.0)= 9186 ( 167.1, 125.1)=    0 ( 167.0, 125.0)=    0 ( 159.9, 125.3)=    0 ( 156.1, 125.3)=    0 ( 152.3, 125.5)=    0 ( 148.7, 125.6)=    0 ( 145.0, 125.7)=    0 ( 141.3, 125.9)=    0 ( 137.6, 126.0)=    0 
     98 | (  53.0,  58.0)= 8999 (  50.3,  58.1)=    0 (  50.0,  58.0)=    0 (  45.1,  58.2)=    0 (  42.5,  58.2)=    0 (  40.0,  58.2)=    0 (  37.5,  58.3)=    0 (  34.9,  58.3)=    0 (  32.4,  58.4)=    0 (  29.8,  58.5)=    0 
     99 | ( 242.0, 206.0)= 8816 ( 236.9, 205.9)=    0 ( 237.0, 206.0)=    0 ( 226.7, 205.8)=    0 ( 221.6, 205.7)=    0 ( 216.6, 205.7)=    0 ( 211.5, 205.7)=    0 ( 206.5, 205.7)=    0 ( 201.4, 205.8)=    0 ( 196.4, 205.8)=    0 
    100 | (  91.0, 104.0)= 8785 (  86.3, 104.1)=    0 (  86.0, 104.0)=    0 (  77.1, 104.2)=    0 (  72.6, 104.3)=    0 (  68.1, 104.3)=    0 (  63.6, 104.4)=    0 (  59.1, 104.5)=    0 (  54.7, 104.5)=    0 (  50.3, 104.5)=    0 
    101 | ( 109.0,  30.0)= 8621 ( 106.3,  30.0)=    0 ( 106.0,  30.0)=    0 ( 100.9,  30.0)=    0 (  98.2,  29.9)=    0 (  95.6,  29.9)=    0 (  92.9,  29.9)=    0 (  90.2,  29.9)=    0 (  87.6,  29.9)=    0 (  85.0,  29.9)=    0 
    102 | ( 230.0, 215.0)= 8424 ( 224.8, 215.0)=    0 ( 225.0, 215.0)=    0 (  -1.0,  -1.0)=   -4 (  -1.0,  -1.0)=   -4 (  -1.0,  -1.0)=   -4 (  -1.0,  -1.0)=   -4 (  -1.0,  -1.0)=   -4 (  -1.0,  -1.0)=   -4 (  -1.0,  -1.0)=   -4 
    103 | ( 160.0, 196.0)= 8423 ( 155.4, 196.0)=    0 ( 155.0, 196.0)=    0 ( 146.2, 195.9)=    0 ( 141.6, 195.8)=    0 ( 137.0, 195.7)=    0 ( 132.5, 195.7)=    0 ( 128.0, 195.6)=    0 ( 123.5, 195.5)=    0 ( 119.0, 195.4)=    0 
    104 | ( 183.0,  79.0)= 8326 ( 180.8,  79.0)=    0 ( 181.0,  79.0)=    0 ( 176.5,  78.9)=    0 ( 174.3,  78.8)=    0 ( 172.2,  78.7)=    0 ( 170.1,  78.6)=    0 ( 168.0,  78.6)=    0 ( 165.9,  78.6)=    0 ( 163.7,  78.5)=    0 
    105 | ( 160.0, 101.0)= 8163 ( 157.9, 101.0)=    0 ( 158.0, 101.0)=    0 ( 153.6, 101.0)=    0 ( 151.5, 101.0)=    0 ( 149.5, 101.0)=    0 ( 147.4, 101.1)=    0 ( 145.3, 101.2)=    0 ( 143.1, 101.3)=    0 ( 141.0, 101.4)=    0 
    106 | (  54.0, 151.0)= 8120 (  49.2, 151.1)=    0 (  49.0, 151.0)=    0 (  39.5, 151.1)=    0 (  34.8, 151.1)=    0 (  30.2, 151.1)=    0 (  25.5, 151.2)=    0 (  -1.0,  -1.0)=   -4 (  -1.0,  -1.0)=   -4 (  -1.0,  -1.0)=   -4 
    107 | ( 161.0, 132.0)= 7997 ( 158.0, 132.0)=    0 ( 158.0, 132.0)=    0 ( 151.0, 132.0)=    0 ( 147.3, 132.0)=    0 ( 143.4, 132.1)=    0 ( 139.5, 132.1)=    0 ( 135.7, 132.1)=    0 ( 131.9, 132.2)=    0 ( 128.0, 132.3)=    0 
    108 | ( 231.0, 205.0)= 7914 ( 225.9, 205.0)=    0 ( 226.0, 205.0)=    0 ( 215.7, 204.9)=    0 ( 210.6, 204.8)=    0 ( 205.5, 204.8)=    0 ( 200.5, 204.8)=    0 ( 195.5, 204.7)=    0 ( 190.4, 204.8)=    0 ( 185.3, 204.9)=    0 
    109 | ( 138.0,  82.0)= 7843 ( 135.9,  82.0)=    0 ( 136.0,  82.0)=    0 ( 131.6,  82.1)=    0 ( 129.5,  82.1)=    0 ( 127.4,  82.1)=    0 ( 125.3,  82.1)=    0 ( 123.2,  82.2)=    0 ( 121.1,  82.2)=    0 ( 119.1,  82.2)=    0 
    110 | (  40.0, 199.0)= 7801 (  35.4, 199.0)=    0 (  35.0, 199.0)=    0 (  26.3, 198.7)=    0 (  -1.0,  -1.0)=   -4 (  -1.0,  -1.0)=   -4 (  -1.0,  -1.0)=   -4 (  -1.0,  -1.0)=   -4 (  -1.0,  -1.0)=   -4 (  -1.0,  -1.0)=   -4 
    111 | (  82.0, 186.0)= 7736 (  77.2, 186.2)=    0 (  77.0, 186.0)=    0 (  67.7, 186.5)=    0 (  63.0, 186.6)=    0 (  58.5, 186.7)=    0 (  53.9, 186.8)=    0 (  49.5, 186.9)=    0 (  45.1, 187.0)=    0 (  40.8, 187.1)=    0 
    112 | ( 124.0,  61.0)= 7565 ( 121.3,  61.0)=    0 ( 121.0,  61.0)=    0 ( 115.3,  60.9)=    0 ( 111.4,  60.9)=    0 ( 109.0,  60.9)=    0 ( 106.9,  60.9)=    0 ( 104.6,  60.9)=    0 ( 102.4,  60.9)=    0 (  99.9,  60.9)=    0 
    113 | (  72.0, 130.0)= 7531 (  67.0, 130.1)=    0 (  67.0, 130.0)=    0 (  57.2, 129.9)=    0 (  52.3, 129.9)=    0 (  47.5, 130.0)=    0 (  42.8, 129.9)=    0 (  38.1, 129.9)=    0 (  33.3, 129.9)=    0 (  28.7, 130.0)=    0 
    114 | (  44.0, 124.0)= 7323 (  39.0, 124.1)=    0 (  39.0, 124.0)=    0 (  29.3, 124.3)=    0 (  24.5, 124.4)=    0 (  -1.0,  -1.0)=   -4 (  -1.0,  -1.0)=   -4 (  -1.0,  -1.0)=   -4 (  -1.0,  -1.0)=   -4 (  -1.0,  -1.0)=   -4 
    115 | ( 225.0,  71.0)= 7168 (  -1.0,  -1.0)=   -5 (  -1.0,  -1.0)=   -5 (  -1.0,  -1.0)=   -5 (  -1.0,  -1.0)=   -5 (  -1.0,  -1.0)=   -5 (  -1.0,  -1.0)=   -5 (  -1.0,  -1.0)=   -5 (  -1.0,  -1.0)=   -5 (  -1.0,  -1.0)=   -5 
    116 | ( 126.0, 193.0)= 7112 ( 122.5, 192.9)=    0 ( 123.0, 193.0)=    0 ( 115.5, 192.8)=    0 ( 112.1, 192.8)=    0 ( 108.6, 192.7)=    0 ( 105.2, 192.7)=    0 ( 101.8, 192.6)=    0 (  98.3, 192.5)=    0 (  94.9, 192.4)=    0 
    117 | ( 263.0, 127.0)= 7020 ( 260.8, 127.0)=    0 ( 261.0, 127.0)=    0 ( 256.5, 127.0)=    0 ( 254.5, 127.1)=    0 ( 252.3, 127.1)=    0 ( 250.3, 127.2)=    0 ( 248.2, 127.3)=    0 ( 246.1, 127.3)=    0 ( 244.1, 127.4)=    0 
    118 | ( 183.0,  69.0)= 6862 ( 180.8,  69.0)=    0 ( 181.0,  69.0)=    0 ( 176.6,  69.0)=    0 ( 174.5,  69.0)=    0 ( 172.4,  68.9)=    0 ( 170.4,  68.9)=    0 ( 168.3,  68.9)=    0 ( 166.2,  68.9)=    0 ( 164.0,  68.8)=    0 
    119 | (  81.0, 196.0)= 6852 (  76.3, 196.2)=    0 (  76.0, 196.0)=    0 (  67.0, 196.6)=    0 (  62.4, 196.7)=    0 (  57.9, 196.9)=    0 (  53.3, 197.1)=    0 (  48.8, 197.2)=    0 (  44.3, 197.4)=    0 (  39.7, 197.5)=    0 
    120 | ( 183.0,  49.0)= 6787 ( 180.9,  49.0)=    0 ( 181.0,  49.0)=    0 ( 176.6,  49.0)=    0 ( 174.6,  49.0)=    0 ( 172.6,  49.0)=    0 ( 170.5,  49.0)=    0 ( 168.5,  49.0)=    0 ( 166.4,  49.0)=    0 ( 164.3,  48.9)=    0 
    121 | ( 207.0,  72.0)= 6752 ( 205.8,  72.1)=    0 ( 206.0,  72.0)=    0 (  -1.0,  -1.0)=   -5 (  -1.0,  -1.0)=   -5 (  -1.0,  -1.0)=   -5 (  -1.0,  -1.0)=   -5 (  -1.0,  -1.0)=   -5 (  -1.0,  -1.0)=   -5 (  -1.0,  -1.0)=   -5 
    122 | (  88.0,  38.0)= 6660 (  85.3,  38.0)=    0 (  85.0,  38.0)=    0 (  79.9,  37.9)=    0 (  77.3,  37.9)=    0 (  74.7,  37.9)=    0 (  72.1,  37.9)=    0 (  69.5,  37.8)=    0 (  66.9,  37.8)=    0 (  64.4,  37.8)=    0 
    123 | ( 137.0, 110.0)= 6635 ( 134.6, 110.0)=    0 ( 135.0, 110.0)=    0 ( 130.0, 110.1)=    0 ( 127.7, 110.1)=    0 ( 125.6, 110.1)=    0 ( 123.6, 110.2)=    0 ( 121.6, 110.2)=    0 ( 119.4, 110.3)=    0 ( 117.4, 110.3)=    0 
    124 | ( 178.0,  92.0)= 6353 ( 175.9,  92.0)=    0 ( 176.0,  92.0)=    0 ( 171.5,  91.9)=    0 ( 169.3,  91.8)=    0 ( 167.2,  91.7)=    0 ( 164.9,  91.7)=    0 ( 162.2,  91.7)=    0 ( 158.9,  91.6)=    0 ( 155.5,  91.6)=    0 
    125 | (  36.0, 139.0)= 6045 (  31.4, 139.0)=    0 (  31.0, 139.0)=    0 (  -1.0,  -1.0)=   -4 (  -1.0,  -1.0)=   -4 (  -1.0,  -1.0)=   -4 (  -1.0,  -1.0)=   -4 (  -1.0,  -1.0)=   -4 (  -1.0,  -1.0)=   -4 (  -1.0,  -1.0)=   -4 
    126 | ( 285.0, 141.0)= 6031 ( 281.1, 141.0)=    0 ( 281.0, 141.0)=    0 ( 273.3, 140.9)=    0 ( 269.4, 140.8)=    0 ( 265.5, 140.8)=    0 ( 261.6, 140.7)=    0 ( 257.8, 140.7)=    0 ( 254.1, 140.7)=    0 ( 250.2, 140.7)=    0 
    127 | ( 195.0, 111.0)= 5982 ( 191.4, 110.8)=    0 ( 191.0, 111.0)=    0 ( 183.9, 110.4)=    0 ( 180.6, 110.2)=    0 ( 177.5, 110.1)=    0 ( 174.1, 109.9)=    0 ( 170.5, 109.7)=    0 ( 166.9, 109.5)=    0 ( 163.2, 109.4)=    0 
    128 | ( 183.0,  59.0)= 5908 ( 180.9,  59.0)=    0 ( 181.0,  59.0)=    0 ( 176.7,  59.0)=    0 ( 174.6,  59.0)=    0 ( 172.5,  59.0)=    0 ( 170.4,  59.0)=    0 ( 168.4,  59.0)=    0 ( 166.3,  58.9)=    0 ( 164.3,  58.9)=    0 
    129 | (  45.0, 209.0)= 5856 (  40.4, 208.9)=    0 (  40.0, 209.0)=    0 (  31.4, 208.7)=    0 (  27.1, 208.5)=    0 (  -1.0,  -1.0)=   -4 (  -1.0,  -1.0)=   -4 (  -1.0,  -1.0)=   -4 (  -1.0,  -1.0)=   -4 (  -1.0,  -1.0)=   -4 
    130 | (  81.0, 215.0)= 5843 (  -1.0,  -1.0)=   -4 (  -1.0,  -1.0)=   -4 (  -1.0,  -1.0)=   -4 (  -1.0,  -1.0)=   -4 (  -1.0,  -1.0)=   -4 (  -1.0,  -1.0)=   -4 (  -1.0,  -1.0)=   -4 (  -1.0,  -1.0)=   -4 (  -1.0,  -1.0)=   -4 
    131 | (  99.0,  25.0)= 5836 (  96.3,  25.0)=    0 (  96.0,  25.0)=    0 (  90.8,  25.0)=    0 (  88.2,  25.0)=    0 (  85.5,  25.0)=    0 (  82.9,  24.9)=    0 (  80.3,  24.9)=    0 (  77.7,  24.9)=    0 (  75.1,  24.9)=    0 
    132 | ( 282.0, 128.0)= 5691 (  -1.0,  -1.0)=   -5 (  -1.0,  -1.0)=   -5 (  -1.0,  -1.0)=   -5 (  -1.0,  -1.0)=   -5 (  -1.0,  -1.0)=   -5 (  -1.0,  -1.0)=   -5 (  -1.0,  -1.0)=   -5 (  -1.0,  -1.0)=   -5 (  -1.0,  -1.0)=   -5 
    133 | ( 226.0,  56.0)= 5675 ( 223.9,  56.0)=    0 ( 224.0,  56.0)=    0 ( 219.8,  56.1)=    0 ( 217.8,  56.1)=    0 ( 215.8,  56.1)=    0 ( 213.8,  56.2)=    0 ( 211.7,  56.2)=    0 ( 209.7,  56.2)=    0 ( 207.7,  56.3)=    0 
    134 | ( 286.0,  69.0)= 5385 ( 283.2,  69.0)=    0 ( 283.0,  69.0)=    0 ( 275.4,  68.7)=    0 ( 271.8,  68.6)=    0 ( 268.8,  68.5)=    0 ( 266.1,  68.3)=    0 ( 262.5,  68.3)=    0 ( 259.0,  68.3)=    0 ( 255.3,  68.2)=    0 
    135 | ( 134.0,  72.0)= 5282 ( 131.3,  72.0)=    0 ( 131.0,  72.0)=    0 ( 125.7,  72.0)=    0 ( 123.0,  72.0)=    0 ( 120.3,  72.1)=    0 ( 117.4,  72.1)=    0 ( 114.8,  72.1)=    0 ( 112.0,  72.1)=    0 ( 109.4,  72.1)=    0 
    136 | ( 160.0, 121.0)= 5116 ( 157.6, 121.1)=    0 ( 158.0, 121.0)=    0 ( 153.0, 121.3)=    0 ( 150.7, 121.4)=    0 ( 148.4, 121.6)=    0 ( 145.9, 121.7)=    0 ( 143.1, 121.9)=    0 ( 139.8, 122.1)=    0 ( 136.4, 122.4)=    0 
    137 | (  30.0, 112.0)= 5110 (  25.4, 112.1)=    0 (  25.0, 112.0)=    0 (  -1.0,  -1.0)=   -4 (  -1.0,  -1.0)=   -4 (  -1.0,  -1.0)=   -4 (  -1.0,  -1.0)=   -4 (  -1.0,  -1.0)=   -4 (  -1.0,  -1.0)=   -4 (  -1.0,  -1.0)=   -4 
    138 | ( 208.0, 209.0)= 5054 ( 202.2, 209.2)=    0 ( 202.0, 209.0)=    0 ( 190.6, 209.6)=    0 ( 185.1, 209.7)=    0 (  -1.0,  -1.0)=   -5 (  -1.0,  -1.0)=   -5 (  -1.0,  -1.0)=   -5 (  -1.0,  -1.0)=   -5 (  -1.0,  -1.0)=   -5 
    139 | ( 124.0, 172.0)= 5027 ( 120.8, 172.0)=    0 ( 121.0, 172.0)=    0 ( 114.5, 172.0)=    0 ( 111.4, 172.0)=    0 ( 108.4, 172.0)=    0 ( 105.3, 172.0)=    0 ( 102.2, 172.0)=    0 (  99.2, 172.0)=    0 (  96.1, 171.9)=    0 
    140 | ( 116.0, 127.0)= 4980 ( 113.1, 127.0)=    0 ( 113.0, 127.0)=    0 ( 107.5, 127.1)=    0 ( 104.6, 127.1)=    0 ( 101.7, 127.1)=    0 (  98.8, 127.1)=    0 (  96.1, 127.1)=    0 (  93.3, 127.1)=    0 (  90.6, 127.2)=    0 
    141 | (  28.0,  74.0)= 4839 (  -1.0,  -1.0)=   -4 (  -1.0,  -1.0)=   -4 (  -1.0,  -1.0)=   -4 (  -1.0,  -1.0)=   -4 (  -1.0,  -1.0)=   -4 (  -1.0,  -1.0)=   -4 (  -1.0,  -1.0)=   -4 (  -1.0,  -1.0)=   -4 (  -1.0,  -1.0)=   -4 
    142 | (  37.0, 149.0)= 4780 (  32.4, 149.0)=    0 (  32.0, 149.0)=    0 (  -1.0,  -1.0)=   -4 (  -1.0,  -1.0)=   -4 (  -1.0,  -1.0)=   -4 (  -1.0,  -1.0)=   -4 (  -1.0,  -1.0)=   -4 (  -1.0,  -1.0)=   -4 (  -1.0,  -1.0)=   -4 
    143 | ( 125.0, 137.0)= 4757 ( 122.0, 137.1)=    0 ( 122.0, 137.0)=    0 ( 115.9, 137.2)=    0 ( 112.9, 137.4)=    0 ( 109.9, 137.5)=    0 ( 107.0, 137.5)=    0 ( 104.0, 137.6)=    0 ( 101.0, 137.7)=    0 (  98.0, 137.8)=    0 
    144 | (  75.0, 152.0)= 4729 (  70.1, 152.0)=    0 (  70.0, 152.0)=    0 (  60.3, 152.0)=    0 (  55.4, 152.0)=    0 (  50.6, 152.1)=    0 (  45.8, 152.1)=    0 (  40.8, 152.1)=    0 (  35.9, 152.2)=    0 (  30.9, 152.3)=    0 
    145 | ( 145.0, 203.0)= 4648 ( 140.4, 203.0)=    0 ( 140.0, 203.0)=    0 ( 131.5, 202.8)=    0 ( 127.1, 202.7)=    0 ( 122.7, 202.6)=    0 ( 118.3, 202.5)=    0 ( 114.0, 202.4)=    0 ( 109.6, 202.4)=    0 ( 105.3, 202.2)=    0 
    146 | (  28.0,  84.0)= 4631 (  -1.0,  -1.0)=   -4 (  -1.0,  -1.0)=   -4 (  -1.0,  -1.0)=   -4 (  -1.0,  -1.0)=   -4 (  -1.0,  -1.0)=   -4 (  -1.0,  -1.0)=   -4 (  -1.0,  -1.0)=   -4 (  -1.0,  -1.0)=   -4 (  -1.0,  -1.0)=   -4 
    147 | (  28.0,  95.0)= 4389 (  -1.0,  -1.0)=   -4 (  -1.0,  -1.0)=   -4 (  -1.0,  -1.0)=   -4 (  -1.0,  -1.0)=   -4 (  -1.0,  -1.0)=   -4 (  -1.0,  -1.0)=   -4 (  -1.0,  -1.0)=   -4 (  -1.0,  -1.0)=   -4 (  -1.0,  -1.0)=   -4 
    148 | ( 116.0, 202.0)= 4308 ( 112.4, 202.0)=    0 ( 112.0, 202.0)=    0 ( 104.9, 201.9)=    0 ( 101.2, 201.9)=    0 (  97.5, 201.8)=    0 (  93.8, 201.8)=    0 (  90.2, 201.7)=    0 (  86.5, 201.7)=    0 (  82.8, 201.6)=    0 
    149 | (  77.0, 166.0)= 4148 (  72.5, 166.1)=    0 (  73.0, 166.0)=    0 (  63.6, 166.2)=    0 (  59.3, 166.2)=    0 (  55.0, 166.3)=    0 (  50.7, 166.4)=    0 (  46.5, 166.4)=    0 (  42.3, 166.5)=    0 (  38.1, 166.6)=    0 
